94526
94537
94538
94539
94550
94551
94555
94517
95035
95036
95037
95038
95127
95140
95360
95363
95387
93908
93924
94558
94567
94574
95694
95959
95947
95956
95971
96127
96130
94020
94021
94060
95005
95006
95017
95018
95060
95061
95062
95063
95064
95065
95066
95067
96105
96118
95688
95696
95448
97040
95606
95607
95637
95679
95694
92305
92314
92339
92359
91901
91905
91906
91916
91917
91935
91962
93651
93664
93604
93643
93644
93645
93669
93623
95389
96039
97523
97531
97534
96031
96086
92220
92399
93602
93605
93634
95915
95916
95930
95940
95941
95965
95966
95980
96011
96127
96130
95962
95457
95461
95467
95469
93901
93902
93908
93912
93915
93920
93923
93924
93927
93960
94508
94515
94558
94567
94574
94020
94021
94060
94074
95005
95006
95007
95017
95060
94533
94534
95687
95688
95696
95412
95421
95433
95436
95441
95446
95448
95450
95492
95606
95607
95637
95679
95694
